18 9
-0.2234629567 1.817851388 -0.2824903389 -1.090117035 0.8432642902 2.60337744 2.380240017 -4.817923671 1.754788017 
4.408071539 3.95585285 2.312802033 0.7345350948 1.309638926 3.075276965 0.1287785127 2.16186481 0.9582298643 
-3.674778697 -0.7137822203 1.19489806 -0.4218812426 -0.5634573551 2.23382092 -0.7181176113 -0.7541697391 -0.6514267362 
-0.1275908227 -1.880587898 -0.4738234874 2.016232836 -1.813943981 2.445410431 -3.23561309 -1.424201499 -0.9398606609 
-0.005920919973 -0.05128261155 0.3902504029 -1.076825585 0.3686426046 -0.6025127123 1.520557135 0.2946274632 0.1001157013 
2.2365087 0.68609545 2.48557195 -1.00719903 3.619905814 -0.02753687499 -0.3348332428 1.340357128 -1.260552778 
-2.252983174 -0.2760777513 -0.9117713666 0.3821034516 1.234785093 1.431746556 -0.4426228435 0.02887950799 -3.336354564 
0.8692653166 1.918371986 1.280633089 0.393892067 3.07877224 0.7943245655 -2.138392574 -0.09641189475 -0.6018186377 
-2.475945832 -1.613378156 1.353758961 -3.63646243 0.9841990617 -1.222461539 -2.606026547 -1.863643254 -1.076958002 
1.722648025 -1.277811999 4.492879028 3.807168845 -0.9551553647 -2.374421596 2.56056787 -4.139848728 -1.336048738 
-1.096745752 -1.247050975 -0.1003829426 0.5344808579 1.934330102 0.5615858882 1.572273402 -1.498370791 -1.143003077 
-3.036253682 1.474597036 1.134575165 -0.5432883957 -0.8682979972 3.213091221 -4.062537067 0.129751907 0.05693683706 
-2.728129112 -4.613639954 -1.496771428 -2.709838378 0.3541654032 0.0696154494 -0.2934348167 0.07946613822 -0.2849962962 
-0.3790510739 -0.6647870036 -2.240782058 0.008534923791 -2.238032819 0.5778499745 -0.6140151676 -0.3983676229 0.7317984277 
-1.035858975 0.8678892765 0.01862203005 0.4104259861 1.60387873 2.017887997 -0.003956477789 -1.629212642 -0.4478505143 
-2.697161321 -1.367297271 -1.119959951 2.03011911 1.891020374 -2.494654611 0.9486399141 0.477061095 1.093197619 
-1.838349132 1.199749816 1.891817078 -1.21284588 1.187062451 1.424184214 0.1240634441 -0.3785302139 -0.6139861002 
1.244796008 -0.03830882548 -0.8356179409 -2.063043413 0.09603927398 -1.447317978 -2.110054436 -3.348600703 2.178422548 
9 18
0.2037141885 -2.030274559 0.9338017227 -0.6625169992 -1.132455908 -0.9644918445 1.229303068 -0.4314069909 -0.7628335699 0.365546147 0.04056302513 1.533832593 -0.7908371381 -0.5327371582 -0.3526845909 0.9099536938 0.9783469153 -1.231251084 
-1.693348106 0.5561036405 0.3050218829 0.6039379472 -1.215939222 -0.6595901335 0.2107580358 1.256641879 0.296455338 -0.9161195682 -0.9380260033 0.5455243112 1.214442445 -1.163280066 -0.1243179416 -1.87816718 -0.1590260999 -1.58033218 
-0.9046815314 1.657826988 -1.164669899 -0.4818813558 -1.125532773 0.1338448239 -1.244064423 0.4646833097 0.6514085913 0.9536249321 -0.03997376193 0.2994706058 -1.496336619 -2.071270913 -0.2113692141 -1.059759967 0.04795479102 -0.5341147556 
1.297810771 -1.642845208 -1.434778917 -0.5254778036 -0.2412257232 -0.6002417844 -1.019050052 -0.5588606333 -2.256842947 3.389303539 1.093121627 -1.566159728 -1.02916783 -1.130297834 -0.1707715245 -0.5672954468 -0.9195268978 -0.1531764504 
-0.6733945423 0.7297883083 -0.6158044032 0.5853831485 -0.9072885318 0.4183103265 -0.2976611317 -1.704781169 0.7209060916 -2.419657441 -0.3218388686 0.6837943671 -0.1565472174 -0.8798494045 -0.2058540314 0.001607135435 0.1946729535 -0.9005298783 
0.8315188928 3.093460658 -0.3530635452 -1.032915335 -0.3338464612 1.068315983 -1.505190572 0.03723859732 -2.608152714 -2.038348773 -0.3359882024 -0.6584617277 -1.929081998 -1.06748481 0.1063718803 -1.628623233 -0.335371775 -1.532977535 
-1.591992681 -0.4004325374 -0.7171548301 0.9938987729 -1.188583691 -1.584726784 -1.25050138 -0.7497324095 -0.3237596012 -0.7464936012 1.225302798 -0.7720347952 -0.8212501779 -0.1569383667 0.861140757 0.4073778457 1.232443481 0.4777478553 
2.666448722 -2.57665487 0.8786494989 -1.175031249 -0.8562841137 -1.422018134 -0.3763828942 1.054324061 0.6955258291 -2.683524178 -0.1490726358 0.5879510929 0.9209763825 -0.2386144364 0.6092869426 -1.442598374 -0.09197595617 1.06835408 
-3.022976414 -1.666179804 0.740595983 -0.7602023881 0.07497713688 0.7766067549 -1.886510554 0.4824195572 0.2541131577 -0.9321739235 -0.999152384 -3.069057553 1.468896603 -1.125654797 -1.610451086 2.133164219 -0.01544698042 0.5597712996 
18
-1.732122827 -1.233575856 -0.0849945333 0.5213842491 0.5960307879 -1.224921587 0.5212061707 -1.877533231 0.6707788053 -0.2976443677 -2.057950508 -0.07770353789 -0.09833677086 0.4650076879 -1.398357687 -0.2438228136 -1.444964896 0.7287420654 
9
-1.07862468 -0.8619323595 -0.9848003477 -1.045112902 -0.6925109593 -0.7402958753 -0.7913831524 -1.586524832 0.1917675023 
